1	1	118	92	92	51	88	38	29	19	
1	2	97	19	37	115	76	10	112	25	61	
8	3	103	90	28	18	117	3	90	117	
4	4	104	100	8	10	102	41	38	47	90	
8	5	3	87	62	73	21	32	21	27	76	37	100	29	28	113	71	33	74	58	
4	6	95	91	18	92	81	93	41	
1	7	78	102	26	27	55	96	30	69	69	
4	8	115	104	75	59	74	21	45	93	113	46	79	78	98	67	82	67	35	
9	9	10	51	59	93	78	35	14	28	25	9	11	
1	10	69	76	30	6	11	63	57	79	31	33	93	53	88	
6	11	105	103	84	2	102	107	22	32	25	76	78	60	99	77	
4	12	90	10	6	47	37	47	109	75	42	27	
4	13	17	110	109	51	106	60	63	60	86	89	63	58	98	
1	14	94	28	30	58	47	20	55	6	107	
3	15	116	9	48	73	117	19	15	119	
2	16	8	110	111	37	26	50	16	110	95	74	
0	17	111	18	88	68	20	16	80	83	103	108	74	8	31	33	95	109	99	
4	18	47	11	82	59	14	11	47	29	2	24	97	90	68	19	92	82	
9	19	88	76	27	91	15	43	95	68	61	
5	20	56	115	42	112	30	100	40	75	6	
1	21	55	118	44	39	29	58	82	44	9	46	93	35	76	72	40	26	70	61	89	
2	22	17	25	36	48	54	76	
8	23	95	103	15	108	11	45	73	113	49	
5	24	10	114	93	84	24	79	89	
4	25	62	101	49	34	95	86	24	15	84	42	88	17	29	62	50	10	103	44	112	
3	26	24	36	42	46	100	
5	27	26	7	69	33	15	
7	28	62	92	87	39	92	108	30	73	95	58	58	50	44	75	55	45	97	47	52	
1	29	65	63	104	26	114	40	84	62	25	21	67	115	81	12	103	107	56	
6	30	10	69	64	107	117	93	50	53	113	57	
0	31	90	46	57	30	59	58	70	89	36	22	85	
5	32	49	80	48	116	118	14	96	
2	33	62	71	48	83	61	36	46	29	69	22	64	93	70	117	102	
8	34	10	39	104	111	36	110	40	13	12	40	111	116	55	
7	35	33	93	54	22	41	10	49	103	28	100	41	31	8	91	
5	36	69	10	15	26	71	29	68	20	78	75	72	34	
6	37	78	86	79	25	82	20	83	118	62	92	116	15	56	97	
0	38	89	60	117	15	82	52	34	84	13	82	39	33	18	14	38	42	
6	39	41	107	44	53	3	72	42	96	70	97	118	84	
3	40	32	49	55	73	72	43	18	76	81	112	49	25	116	45	
0	41	54	11	6	21	91	104	2	86	76	25	40	55	78	12	13	
4	42	97	91	4	41	11	40	87	114	114	23	
7	43	37	2	21	10	108	45	57	13	85	6	65	104	118	105	19	8	
9	44	50	6	107	80	16	33	88	72	65	24	14	116	107	31	
6	45	24	88	85	105	73	92	14	53	
9	46	26	119	101	20	45	50	84	
3	47	26	3	34	78	89	75	112	46	33	59	76	34	69	
9	48	74	29	79	21	3	100	57	77	58	35	114	84	31	12	17	18	102	32	61	
8	49	93	28	2	102	61	117	115	64	9	115	4	37	32	31	97	35	
5	50	66	63	27	29	8	110	46	61	17	83	106	47	82	50	
2	51	95	4	83	76	7	7	51	119	106	109	113	76	20	
8	52	34	61	117	56	100	49	
9	53	69	118	76	115	93	56	87	118	72	78	76	86	60	10	42	55	118	61	119	
7	54	72	68	4	65	41	14	80	118	79	62	11	65	49	36	
3	55	2	23	103	55	31	46	55	81	78	113	80	57	17	
5	56	39	32	56	98	78	78	99	11	81	32	50	117	99	38	
8	57	64	103	64	91	56	58	97	79	39	64	112	12	10	37	18	
4	58	94	58	105	44	41	82	114	95	59	56	117	13	87	89	42	82	
7	59	112	70	42	28	87	80	102	59	85	86	44	45	60	25	24	22	
1	60	19	21	89	63	79	38	89	37	55	111	15	116	62	62	62	80	92	113	
5	61	46	75	77	56	2	
9	62	116	73	73	76	53	96	106	14	115	108	100	79	112	20	80	35	35	102	90	
5	63	118	47	22	102	25	55	116	117	94	38	72	37	100	103	84	
2	64	6	60	40	66	58	11	80	27	60	
3	65	57	40	41	43	21	60	4	20	
8	66	116	90	112	51	55	82	35	30	77	58	2	104	104	
7	67	42	83	102	7	76	114	74	37	110	8	114	44	
9	68	42	95	74	57	8	6	89	29	103	26	49	88	18	
5	69	86	81	2	53	7	59	4	108	57	61	53	23	98	2	95	5	82	
2	70	51	35	37	108	24	
7	71	82	108	15	18	93	43	44	51	14	80	29	12	
4	72	97	98	21	111	112	24	64	81	15	20	4	113	90	58	60	115	106	
6	73	105	105	77	89	59	69	87	51	23	81	10	92	13	25	
3	74	8	66	99	56	119	94	61	45	79	88	
2	75	47	113	109	73	17	100	20	25	36	41	74	2	25	21	115	115	106	80	118	
2	76	89	65	76	94	76	7	102	41	33	27	17	24	16	107	111	
0	77	111	60	76	10	76	45	77	98	8	18	84	98	3	98	112	25	
5	78	115	114	118	27	83	92	100	102	103	111	113	62	4	
4	79	15	8	103	115	118	
4	80	18	39	110	76	116	89	59	
1	81	91	66	119	66	90	92	22	81	18	85	17	116	102	43	
4	82	64	47	52	101	70	102	34	50	50	114	50	33	34	17	103	
8	83	34	100	83	30	60	63	63	19	6	41	
6	84	113	30	39	96	101	74	38	3	9	82	57	36	21	53	63	24	
2	85	95	5	66	76	70	118	7	14	34	75	119	37	44	4	82	58	14	113	
7	86	43	100	73	95	99	70	118	9	108	107	64	27	72	6	52	14	19	
0	87	49	10	81	41	89	56	91	2	56	57	45	114	42	24	109	67	93	15	
8	88	49	14	21	114	100	47	46	97	
5	89	44	113	86	96	17	111	62	44	65	60	38	
5	90	106	9	113	4	31	21	104	52	72	56	6	111	
8	1	75	14	107	87	96	112	
9	2	24	28	90	80	14	5	67	30	13	23	20	88	95	64	95	64	
7	3	68	118	24	24	109	3	62	97	68	77	115	22	
9	4	5	105	49	44	71	
6	5	111	70	12	61	58	83	61	58	38	110	116	99	110	68	25	
8	6	30	16	78	72	111	30	
6	7	109	36	34	114	74	102	56	19	26	40	107	41	69	
3	8	62	109	8	51	93	42	7	75	102	73	25	43	100	19	
6	9	55	84	63	62	114	17	109	117	71	24	
2	10	50	46	57	46	74	10	76	
2	11	42	28	61	75	109	69	82	34	
5	12	45	114	117	105	62	93	33	99	68	39	28	70	62	58	90	
1	13	3	34	100	85	101	94	15	57	17	51	102	
4	14	4	91	93	9	10	85	31	24	57	115	77	101	98	118	38	65	72	13	62	
5	15	10	16	55	22	62	92	32	64	96	52	13	79	39	64	
4	16	46	50	3	75	90	83	51	37	112	12	11	119	92	19	42	55	24	56	
1	17	113	105	84	32	3	39	9	112	76	19	50	76	9	
2	18	24	3	85	49	29	108	65	13	39	80	109	31	115	90	106	17	78	
1	19	12	39	70	39	38	
3	20	6	87	106	64	29	118	79	100	21	13	36	96	38	62	116	20	114	
1	21	106	33	3	61	75	68	57	75	10	113	68	25	33	93	81	109	79	
0	22	109	2	4	50	94	74	16	12	34	18	54	
6	23	54	102	22	119	6	99	119	56	21	48	53	
6	24	66	71	109	116	80	93	2	59	48	28	62	
8	25	54	95	73	106	54	86	66	24	19	10	89	33	60	103	
7	26	50	82	58	60	82	7	4	92	
1	27	92	24	53	8	108	82	99	7	105	64	30	60	71	
9	28	39	60	77	92	85	93	87	62	93	54	31	
0	29	90	69	92	15	45	32	89	110	60	45	49	84	27	
9	30	93	81	62	42	85	93	63	90	23	100	40	83	39	75	50	109	94	72	
7	31	44	9	73	17	75	106	14	22	100	40	59	93	
8	32	68	12	13	81	50	119	109	82	119	58	20	58	20	12	22	77	25	19	
1	33	52	2	103	22	51	65	97	97	18	17	39	33	
3	34	2	32	37	31	31	31	99	52	78	99	110	105	107	
5	35	17	65	88	89	32	72	40	92	33	59	98	64	110	100	12	
9	36	48	94	46	60	61	91	111	
9	37	32	107	49	103	110	
7	38	108	27	108	74	27	49	46	22	90	57	
8	39	3	2	93	29	99	116	9	113	30	11	26	19	48	80	13	105	
8	40	25	91	61	75	13	30	70	21	51	
2	41	66	110	77	67	105	55	38	46	70	67	36	41	67	103	29	105	91	
5	42	93	60	95	68	13	25	40	72	17	71	2	68	32	9	11	
0	43	99	108	59	110	19	38	55	53	99	65	24	108	40	83	67	112	82	61	54	
0	44	64	39	9	97	82	51	38	111	109	94	116	
8	45	109	54	30	16	5	110	
6	46	60	16	18	79	23	76	103	74	
4	47	15	39	59	28	100	109	64	8	75	88	80	118	116	48	76	69	88	
1	48	38	86	35	67	104	14	82	78	87	93	79	101	59	106	47	117	54	
0	49	85	51	102	9	58	66	23	24	68	111	65	11	103	43	66	83	
6	50	26	6	6	77	4	85	111	50	38	
1	51	33	17	29	10	28	25	104	38	72	91	14	63	8	57	82	117	18	
8	52	30	85	92	16	51	31	16	37	107	11	
1	53	18	48	111	42	113	39	119	15	85	99	
4	54	111	5	69	56	10	61	70	
1	55	8	33	99	85	91	67	
7	56	91	56	80	85	44	57	
3	57	19	112	48	76	107	58	90	48	
6	58	54	22	112	70	38	106	26	112	69	60	15	114	12	26	65	43	87	85	110	
2	59	77	65	119	37	101	10	
9	60	20	71	107	40	100	2	76	
7	1	78	70	98	93	38	27	82	106	88	55	84	44	60	54	98	60	117	107	
0	2	47	27	82	22	94	15	55	116	
0	3	53	35	102	108	31	65	15	
3	4	75	39	40	68	23	79	67	72	4	106	101	92	107	76	38	
8	5	85	106	101	61	44	44	20	57	87	37	37	80	
9	6	61	78	90	30	91	35	108	88	56	48	84	
2	7	115	91	118	17	47	20	
1	8	113	83	34	109	57	76	83	83	85	91	102	8	53	108	62	43	45	101	
8	9	107	74	59	116	31	96	3	27	114	44	8	
3	10	56	17	83	34	112	112	44	17	27	67	12	62	52	115	38	48	20	
6	11	83	76	37	31	58	95	17	34	63	110	76	36	13	30	61	
5	12	36	111	12	63	47	57	32	106	
8	13	4	35	49	104	34	16	53	30	22	43	39	
5	14	63	80	79	52	58	91	14	20	57	81	76	118	84	56	
7	15	13	109	94	69	97	107	96	70	23	78	50	59	
2	16	3	93	90	78	58	24	68	90	19	98	11	102	102	61	63	73	32	
0	17	114	47	42	67	86	79	107	88	68	
7	18	28	105	89	37	29	25	92	85	34	39	68	
1	19	107	82	9	75	116	20	105	65	78	35	101	74	78	110	58	94	24	29	27	
2	20	34	5	72	39	23	39	30	
0	21	37	75	87	36	35	61	116	117	119	117	