9	1	119	77	106	33	108	75	51	15	104	55	92	31	44	43	16	38	3	56	108	
1	2	9	104	83	70	53	109	45	86	49	25	43	33	10	69	90	96	8	
1	3	54	17	19	109	92	95	6	60	104	44	114	23	
2	4	48	57	97	8	82	106	9	81	100	119	42	60	37	69	72	115	76	15	33	
4	5	17	31	87	43	108	
7	6	57	106	25	117	82	15	83	40	85	97	108	
1	7	55	4	8	51	37	119	57	97	55	115	89	2	30	116	5	
3	8	24	85	108	10	37	20	63	15	
3	9	82	34	54	5	55	111	107	80	43	48	98	
0	10	16	62	54	100	81	39	30	116	12	113	111	
5	11	106	92	71	44	105	60	41	92	43	29	62	13	
7	12	14	15	31	46	9	72	69	57	58	115	102	2	15	
6	13	98	107	26	20	98	65	112	107	2	26	43	
0	14	97	87	9	88	81	
7	15	70	5	55	111	77	33	66	29	93	83	11	4	49	
9	16	64	48	51	54	14	7	
8	17	2	53	42	99	49	78	86	94	14	105	111	
7	18	12	55	113	65	85	99	80	47	
6	19	63	9	28	46	52	58	
5	20	21	37	117	32	32	54	79	74	70	70	90	
0	21	108	40	11	15	40	9	114	109	11	43	18	11	72	83	78	21	60	
1	22	9	37	91	93	6	14	82	100	68	13	42	95	39	20	70	99	103	