9	1	73	37	90	70	42	38	
8	2	117	15	25	36	19	95	90	67	7	101	72	67	86	77	33	
6	3	118	4	59	10	117	85	114	89	95	53	47	50	73	87	69	74	99	14	
2	4	81	6	35	88	34	63	44	60	102	92	89	16	
5	5	96	34	23	87	51	4	12	56	43	79	86	14	99	75	
3	6	47	90	43	14	70	98	17	41	26	42	114	75	103	52	
0	7	7	42	46	116	117	
1	8	79	65	78	90	114	
1	9	58	65	89	80	114	
7	10	66	117	83	96	6	115	21	75	105	
4	11	45	27	46	117	91	49	32	68	105	23	5	55	119	79	60	76	
0	12	96	18	107	61	9	83	37	118	
6	13	3	37	85	24	85	23	21	3	115	56	80	6	41	22	50	68	
1	14	54	45	115	100	87	41	113	109	58	74	103	35	91	
6	15	59	119	27	114	86	3	79	98	64	56	107	62	
8	16	107	78	100	49	64	87	18	27	81	85	
1	17	36	100	31	9	115	35	10	79	19	15	55	66	118	99	116	55	
9	18	77	56	76	97	105	20	22	90	89	76	3	10	
8	19	73	82	62	116	109	7	70	5	53	
0	20	76	110	42	28	49	22	44	26	107	97	7	91	70	41	100	60	24	14	
7	21	118	53	76	74	60	6	69	118	
7	22	20	30	61	22	55	
8	23	2	35	37	24	78	14	109	102	102	96	54	5	37	110	92	38	91	
3	24	87	107	67	66	74	26	113	45	19	77	43	90	69	58	95	
2	25	14	36	11	5	38	108	53	105	34	17	75	74	33	31	106	105	35	39	117	
4	26	37	98	32	34	89	51	29	4	101	3	54	
7	27	97	30	107	63	19	94	82	87	74	70	111	85	66	116	
4	28	24	98	74	5	54	74	8	7	26	49	92	41	60	111	108	111	108	32	
9	29	40	106	74	116	56	97	47	27	83	24	75	34	12	26	19	
1	30	77	95	33	52	8	82	107	114	74	40	15	81	86	59	
6	31	106	21	22	89	80	7	9	3	95	84	90	2	57	