0	1	18	39	38	68	43	53	45	81	102	46	63	72	65	
0	2	86	45	24	12	90	3	54	116	71	55	92	18	16	
9	3	33	83	22	3	21	101	82	91	41	118	102	69	72	62	46	54	86	68	
1	4	29	56	80	30	56	72	114	90	95	52	34	17	9	22	24	
2	5	71	34	26	57	85	60	39	76	8	99	64	105	2	
3	6	11	43	27	55	78	76	57	74	102	62	65	42	38	10	51	67	
4	7	116	57	116	3	107	10	25	52	30	
7	8	18	40	21	47	41	104	17	
0	9	62	13	111	83	108	49	79	32	
5	10	10	71	58	33	23	32	77	66	
7	11	106	99	60	113	114	96	111	107	105	43	
5	12	4	18	84	110	91	103	64	116	42	21	
9	13	92	6	50	82	21	56	7	22	
1	14	16	106	72	37	45	54	86	107	57	
9	15	106	29	61	32	83	56	27	55	52	39	113	81	57	31	40	112	85	78	
3	16	83	54	21	25	102	27	70	6	33	94	27	100	57	88	42	111	45	50	75	
7	17	4	37	21	80	96	105	53	22	60	83	11	89	85	104	73	6	110	109	
7	18	79	54	48	102	22	77	81	12	116	73	
7	19	92	41	14	96	68	55	22	88	40	118	95	75	116	
0	20	89	64	111	115	20	86	71	17	81	
3	21	97	83	75	102	34	63	48	101	47	69	84	119	25	40	38	118	106	24	102	
8	22	116	74	7	27	24	24	46	52	
2	23	67	94	42	86	30	104	38	50	51	80	40	64	118	9	107	66	31	46	
3	24	75	64	41	38	118	51	115	113	98	56	38	3	115	
0	25	72	94	13	45	58	36	83	77	2	8	2	75	111	
9	26	76	46	55	98	31	98	
2	27	19	11	3	106	29	118	5	77	90	56	46	66	78	78	30	
5	28	66	119	82	95	103	63	105	
5	29	42	19	9	39	27	10	75	
5	30	14	79	100	33	25	85	37	68	11	82	50	102	118	
1	31	42	111	7	31	13	24	89	66	83	118	116	101	22	86	64	9	89	93	91	
8	32	67	26	91	67	26	111	65	116	
0	33	24	92	47	56	20	29	77	99	116	3	89	
1	34	54	89	28	80	87	88	20	
8	35	84	25	99	2	119	42	93	34	
7	36	23	77	2	84	7	60	74	73	30	80	63	
3	37	41	108	87	4	21	
9	38	9	72	31	31	49	81	99	
1	39	29	24	112	98	82	34	24	69	44	108	33	
6	40	31	91	21	85	103	104	66	3	99	101	79	116	56	
9	41	71	43	85	14	5	3	79	10	88	73	50	102	113	61	101	115	55	95	
3	42	100	26	16	51	112	103	14	119	
1	43	113	85	87	64	69	92	3	60	76	81	65	13	110	35	7	99	
0	44	77	20	117	56	45	64	3	
9	45	41	93	98	3	40	12	74	89	2	
6	46	106	40	119	60	87	110	97	16	2	115	84	108	90	
4	47	97	73	47	17	119	41	66	100	104	27	84	2	21	24	10	98	71	96	
7	48	56	79	76	93	47	64	
5	49	34	95	108	40	68	108	33	
0	50	20	7	28	55	11	13	12	15	8	63	107	8	109	25	49	37	82	37	
4	51	53	33	12	116	14	23	117	115	22	72	91	15	62	36	
6	52	18	97	68	93	69	
9	53	94	83	11	23	82	16	
5	54	76	70	89	7	43	108	66	102	90	114	
1	55	115	86	50	49	10	20	65	21	22	63	97	78	100	11	71	118	48	
6	56	29	9	46	118	103	118	98	110	67	21	42	30	66	38	82	50	
1	57	17	53	55	39	82	106	98	36	42	5	47	114	86	36	
8	58	84	42	88	118	28	47	67	57	26	5	39	77	26	92	65	92	
8	59	36	8	86	50	27	25	44	22	18	3	76	48	42	
4	60	15	94	64	39	41	45	72	97	27	
6	61	51	59	14	43	98	41	116	
4	62	106	35	115	11	80	94	50	58	119	4	90	
8	63	39	115	36	69	60	32	46	78	31	103	10	24	71	117	
7	64	41	22	17	27	94	86	
3	65	53	90	44	77	94	34	89	13	81	31	115	
9	66	39	7	101	6	94	12	16	87	4	21	73	115	
7	67	81	95	54	19	77	107	11	44	5	74	65	51	9	20	
3	68	71	21	39	6	8	107	25	
3	69	27	49	15	71	112	10	35	75	41	96	106	87	78	90	22	107	85	27	102	
8	70	78	42	87	18	77	100	17	70	43	115	100	62	69	83	114	92	
9	71	80	117	14	52	111	24	34	110	26	
3	72	10	115	69	49	78	14	72	
7	73	48	115	80	67	54	83	40	70	50	15	93	
6	74	95	72	58	115	57	83	24	101	67	91	4	55	5	47	34	109	8	
7	75	75	68	85	74	87	49	98	110	51	43	71	107	33	88	112	
0	76	53	110	119	59	43	36	32	25	76	24	72	45	67	107	6	111	49	33	112	
0	77	84	69	100	19	96	61	
0	78	40	70	44	88	27	109	107	84	34	105	
9	79	19	13	102	109	67	19	82	116	69	17	44	66	2	88	76	117	103	16	
8	80	59	15	98	78	112	37	89	94	38	15	113	32	67	40	113	
0	81	105	45	7	106	30	85	85	72	22	96	28	68	9	
6	82	44	69	86	11	71	56	75	
6	83	58	52	90	107	46	85	89	48	40	52	34	116	60	62	95	6	
5	84	72	62	42	29	102	85	33	14	75	84	24	
2	85	85	108	112	79	114	13	18	45	27	27	27	25	112	117	36	106	22	97	
6	86	30	65	106	14	53	79	94	11	40	13	13	64	60	13	75	
4	87	57	57	25	49	80	105	118	47	82	9	59	24	
5	88	62	39	112	83	71	103	17	116	
4	89	22	9	50	55	66	116	79	84	63	111	67	14	75	12	2	38	32	
2	90	16	115	18	43	50	34	83	