0	1	71	11	101	32	22	25	53	81	77	116	35	41	91	10	53	7	
2	2	37	70	20	71	67	62	
9	3	113	103	24	54	42	53	22	5	51	61	49	73	12	68	114	80	38	56	
1	4	33	46	105	36	11	83	18	
0	5	103	115	47	104	74	
1	6	78	113	67	117	99	82	110	110	92	115	28	15	56	
5	7	100	28	13	86	88	18	66	9	79	99	63	118	
5	8	63	67	4	82	12	76	40	41	44	29	98	64	30	87	6	24	105	
3	9	60	80	19	21	63	102	114	27	72	16	28	64	57	74	
5	10	23	95	66	88	16	63	101	94	99	64	94	72	55	104	84	76	89	32	18	
8	11	99	45	70	63	108	
2	12	97	80	60	23	92	12	49	15	
5	13	85	29	68	100	41	97	105	31	114	58	60	21	5	74	33	63	15	
7	14	30	92	79	53	33	98	60	113	95	65	102	54	
8	15	70	44	3	5	36	68	30	108	
0	16	92	114	95	88	118	37	61	
9	17	70	91	99	34	34	61	7	91	57	101	
9	18	12	21	105	37	81	33	6	55	97	64	74	42	109	83	22	22	21	
2	19	90	116	29	87	38	11	67	97	47	41	56	14	3	25	74	
0	20	91	52	32	22	54	
5	21	114	41	93	67	3	84	9	90	11	69	12	42	19	44	90	26	30	85	
4	22	13	11	96	111	101	58	64	58	77	56	107	
2	23	26	51	20	17	66	16	55	55	63	102	109	107	94	90	93	34	39	
2	24	84	15	84	11	71	
1	25	24	54	29	105	107	32	84	
4	26	78	54	88	109	10	105	27	65	56	20	98	2	
8	27	84	71	18	6	112	69	21	
6	28	3	37	86	42	61	76	65	48	7	105	92	85	97	
7	29	84	118	8	47	71	57	118	47	36	63	68	81	83	
3	30	55	4	87	80	72	88	103	28	71	75	86	68	31	116	92	112	29	78	
2	31	53	67	15	39	13	87	99	2	96	51	37	26	10	
6	32	95	53	75	2	27	53	12	82	90	6	
0	33	48	76	35	77	65	85	101	113	43	70	
7	34	107	114	92	37	57	67	91	8	86	36	116	70	16	19	114	95	79	43	
5	35	56	2	25	82	108	38	104	8	
9	36	58	119	9	6	106	75	20	47	38	58	55	27	6	80	
6	37	25	107	28	61	62	113	95	87	95	91	
6	38	56	21	16	33	41	66	109	102	111	
1	39	2	41	107	58	16	
6	40	19	11	65	37	15	37	63	96	25	49	17	68	82	57	47	38	9	
2	41	112	13	111	23	35	58	28	108	74	11	86	26	85	112	101	7	68	79	
6	42	86	52	114	101	98	60	42	2	7	51	74	52	67	90	77	15	83	2	103	
1	43	25	92	62	31	13	
8	44	36	117	41	110	91	52	70	66	43	7	17	80	
5	45	61	14	16	111	92	26	109	103	82	34	71	10	44	113	50	21	74	15	59	
3	46	114	85	87	71	107	57	79	45	74	71	30	88	20	9	42	
9	47	11	114	105	109	45	37	56	46	
6	48	31	90	105	118	64	57	9	32	112	80	3	5	49	86	94	21	
9	49	35	108	49	32	13	4	70	34	33	107	68	7	52	117	
3	50	76	113	52	31	85	34	75	
7	51	109	52	42	15	119	32	27	2	32	12	113	63	119	95	64	63	66	91	
6	52	115	58	110	39	30	115	18	
7	53	116	29	49	81	10	45	14	46	78	15	12	100	100	102	111	