8	1	101	17	41	75	14	60	82	25	112	30	103	77	67	90	
1	2	49	90	12	53	107	96	37	10	83	100	58	74	93	
4	3	113	21	74	80	6	49	89	68	50	
9	4	44	14	63	96	70	12	59	33	25	103	69	29	52	80	53	15	92	84	
3	5	86	113	108	97	21	
4	6	68	41	9	14	43	7	41	112	25	71	3	62	14	49	29	76	96	75	
7	7	10	71	72	28	50	94	
5	8	104	30	95	115	7	79	118	59	59	74	56	66	108	85	96	
7	9	28	33	45	75	69	5	28	34	78	113	
1	10	98	12	84	16	105	97	
7	11	6	85	55	98	53	55	82	114	13	96	82	13	8	17	65	27	95	16	
8	12	60	60	70	32	13	94	94	68	
5	13	58	40	45	105	47	65	52	8	8	77	9	106	92	66	
1	14	71	32	103	2	98	17	68	13	55	8	105	36	26	119	92	91	50	
8	15	113	11	54	35	85	8	6	27	80	106	43	64	109	93	
0	16	9	15	58	4	66	66	77	43	30	97	70	35	76	29	
5	17	39	88	34	87	93	53	61	26	86	65	
3	18	60	117	113	96	35	98	12	
3	19	19	82	78	118	76	7	93	117	108	101	48	76	3	90	52	
8	20	66	72	109	103	2	46	107	38	77	78	71	51	32	49	52	
5	21	28	114	81	34	37	90	32	80	18	81	37	75	114	54	
2	22	104	108	55	57	104	33	30	30	34	48	72	7	30	12	26	31	52	42	19	
4	23	33	26	12	13	40	108	25	9	42	68	85	69	
4	24	19	43	87	105	36	86	45	9	
4	25	66	39	40	109	92	105	32	106	8	35	103	114	11	70	96	65	61	105	82	
0	26	98	43	16	13	60	59	83	88	
0	27	42	109	104	18	80	4	14	9	14	30	38	57	12	93	10	109	109	105	
4	28	45	25	72	88	112	41	25	77	31	101	118	
7	29	103	25	99	112	110	110	85	28	10	80	116	44	81	74	45	117	54	
6	30	31	17	2	55	93	23	20	
4	31	118	22	78	56	46	113	67	68	
0	32	39	112	8	25	36	45	99	6	102	15	7	112	25	100	118	9	109	
5	33	75	4	81	78	56	43	106	39	96	
4	34	105	103	13	9	96	15	115	116	7	42	70	45	30	12	68	30	82	
0	35	103	63	81	113	65	6	97	8	46	53	26	76	77	75	97	100	115	98	
1	36	49	80	107	68	57	61	36	113	89	15	24	114	
9	37	76	14	114	15	23	6	25	58	27	5	45	
9	38	66	9	37	100	55	103	45	56	71	50	77	58	
0	39	72	90	63	101	113	44	27	68	76	105	32	56	80	35	35	72	8	
0	40	42	118	66	27	33	78	70	32	26	43	14	98	65	88	
6	41	87	65	34	117	116	92	68	101	105	7	93	119	81	
8	42	57	10	79	12	46	97	14	95	58	111	
7	43	15	28	119	30	12	85	41	114	2	4	10	89	
0	44	62	18	22	69	73	108	42	33	14	43	114	64	
4	45	100	31	67	6	106	66	100	109	51	53	80	88	3	115	91	111	8	93	
2	46	100	110	18	51	110	
8	47	54	12	94	110	10	92	112	14	15	55	4	50	53	106	39	
5	48	68	36	5	52	58	31	71	13	66	13	74	
9	49	27	14	115	72	71	41	69	79	8	112	
9	50	84	103	116	16	112	41	113	6	111	35	
4	51	46	63	11	116	79	119	63	53	28	108	44	110	4	59	62	40	
2	52	108	100	58	15	18	51	60	16	104	32	17	24	98	72	88	7	22	27	
5	53	74	62	107	6	71	28	54	66	50	80	
6	54	23	99	108	71	44	78	29	63	107	10	25	34	15	
6	55	88	79	59	14	90	109	14	66	17	31	38	73	52	
4	56	116	70	44	37	11	
2	57	100	34	60	68	10	54	113	
0	58	37	114	12	65	86	25	62	95	55	25	
8	59	119	25	84	35	56	83	63	16	78	112	20	106	10	45	
1	60	83	74	44	49	106	23	103	
3	61	71	14	74	111	50	30	64	58	117	76	77	
2	62	101	45	19	64	75	29	19	116	52	80	9	42	37	62	39	
5	63	39	79	19	68	105	54	11	84	76	101	119	18	35	49	31	54	119	42	93	
9	64	104	58	14	53	57	94	114	21	107	107	112	85	52	42	4	23	94	
7	65	76	9	12	53	67	65	76	34	78	103	17	
5	66	37	46	91	100	21	56	50	49	74	10	29	77	16	38	55	26	
5	67	26	32	86	60	57	5	114	100	102	80	3	62	33	
6	68	48	105	61	10	30	53	21	68	56	6	41	87	40	48	79	73	90	
7	69	30	3	108	43	8	81	116	41	81	
1	70	113	90	47	83	61	31	51	38	102	87	37	113	113	16	23	
9	71	33	70	9	91	13	51	87	118	29	
7	72	119	67	23	113	86	7	
7	73	25	12	112	64	102	119	84	39	71	48	103	75	77	95	70	78	54	2	48	
5	74	33	111	51	83	49	56	68	16	77	74	61	13	74	113	7	88	89	
7	75	101	104	14	93	53	71	66	109	65	88	58	98	29	119	44	3	70	66	113	
0	76	96	107	46	30	59	96	93	16	35	2	104	32	
1	77	39	24	67	59	14	79	55	
4	78	52	27	56	14	96	76	101	116	87	48	84	6	96	31	