6	1	107	91	91	39	14	46	13	49	50	69	43	73	70	10	
3	2	51	81	45	107	110	64	
2	3	58	48	7	107	19	99	47	54	98	27	117	37	55	74	99	
5	4	71	61	86	54	106	101	6	6	108	91	11	30	103	111	48	57	9	3	
7	5	62	47	119	115	44	83	99	49	41	108	66	31	13	112	78	34	5	
6	6	39	99	46	84	109	66	101	68	55	81	109	105	14	52	16	23	35	29	
1	7	87	81	87	65	80	54	97	30	45	101	59	73	84	54	81	93	58	
6	8	7	110	41	46	48	57	
5	9	34	72	107	25	84	73	17	18	90	4	102	42	46	97	
0	10	116	103	81	61	11	102	57	4	
4	11	24	93	36	112	109	62	72	
6	12	113	54	37	16	106	72	81	54	43	48	118	72	91	39	116	66	90	5	
4	13	106	54	85	109	54	12	100	51	87	34	109	19	75	114	58	108	15	
9	14	55	95	78	95	4	95	16	21	96	
4	15	115	22	102	71	13	56	33	91	50	115	
3	16	61	83	109	109	86	118	105	72	16	
6	17	17	63	44	9	79	98	89	56	49	78	9	97	39	86	102	71	76	
4	18	37	22	2	42	13	16	18	
4	19	102	80	74	63	28	93	42	45	112	37	116	
3	20	96	39	29	70	96	60	36	102	67	115	99	109	34	67	32	52	
6	21	109	68	115	37	95	94	98	56	53	
0	22	72	9	71	110	63	80	
1	23	97	68	63	108	71	17	81	19	80	22	20	65	107	12	
4	24	18	44	107	8	4	110	31	81	60	14	
5	25	115	27	55	68	66	73	25	92	86	2	57	37	21	82	
8	26	81	42	60	107	60	97	22	107	77	108	94	86	79	37	24	60	113	101	39	
1	27	8	61	91	73	42	119	40	8	103	
8	28	38	43	85	35	6	57	2	94	5	45	79	23	115	93	95	62	99	98	29	
3	29	31	100	45	64	48	119	86	61	67	71	20	80	87	21	18	17	100	103	
8	30	8	80	78	103	90	113	75	41	116	21	29	49	60	109	69	28	106	
7	31	61	68	80	113	29	98	40	19	62	84	88	88	84	
9	32	75	58	71	88	104	119	4	61	113	62	7	20	86	4	82	79	
5	33	49	84	39	6	25	33	42	73	14	108	114	49	28	17	
1	34	67	83	51	29	100	69	94	115	93	30	89	100	
3	35	37	17	111	92	9	25	59	10	70	17	47	67	
3	36	23	65	112	57	8	105	23	
2	37	40	69	45	5	74	85	119	100	53	89	
7	38	6	28	4	73	119	44	25	91	
2	39	89	38	82	111	62	79	51	
4	40	87	19	18	77	118	60	34	84	
9	41	19	41	83	101	107	71	76	34	28	94	104	44	
6	42	71	109	76	97	42	31	27	39	
8	43	19	103	4	55	114	63	110	16	109	8	89	52	5	110	116	13	36	77	
4	44	63	9	105	70	64	81	91	32	83	76	47	
2	45	110	109	98	40	72	30	12	119	100	102	115	26	
9	46	85	66	88	23	24	92	107	40	33	107	
3	47	13	7	118	50	70	51	33	107	44	49	67	61	23	108	106	
6	48	59	21	52	93	14	12	49	2	91	23	98	29	81	116	55	90	81	15	
8	49	68	86	34	107	86	56	18	13	60	105	28	
4	50	60	73	15	30	96	47	18	39	12	80	52	6	88	
2	51	99	112	3	114	47	88	42	45	33	24	37	
0	52	78	41	13	28	98	104	67	86	109	40	18	59	
0	53	32	32	84	6	63	32	51	59	44	89	10	94	63	97	19	
8	54	68	42	83	7	9	37	105	5	25	46	71	28	100	55	88	41	85	
9	55	98	33	47	118	82	77	39	10	35	84	25	84	118	26	68	
1	56	60	101	95	3	84	65	32	48	31	
7	57	34	5	4	108	84	
0	58	36	40	43	118	65	99	77	108	
4	59	94	104	98	108	45	29	65	22	83	31	19	17	80	30	82	54	44	98	64	
3	60	81	31	90	10	114	64	107	110	30	52	2	
3	61	18	13	49	69	113	7	41	9	6	63	51	109	20	91	106	17	17	81	59	
7	62	42	69	88	21	25	110	32	72	39	95	110	5	
3	63	87	102	43	50	20	62	32	73	2	110	55	
2	64	70	47	51	78	62	71	8	50	14	23	90	64	
7	65	87	115	110	116	81	101	26	30	29	53	82	111	