0	1	87	40	48	101	80	10	92	80	7	62	108	
3	2	98	5	5	53	47	61	78	60	100	87	81	
6	3	12	113	31	84	105	40	76	
4	4	20	78	57	64	103	70	19	39	77	60	90	41	95	70	80	105	39	77	
3	5	49	8	112	18	83	114	80	45	96	75	77	119	17	102	46	24	64	82	
0	6	65	113	57	44	102	47	76	46	12	54	
0	7	115	23	104	2	12	6	103	40	95	83	11	73	
3	8	43	30	34	70	60	35	69	30	21	94	10	96	44	103	72	14	52	68	
7	9	35	81	18	64	2	63	26	21	86	
0	10	60	60	72	94	35	20	86	10	69	97	26	90	62	8	34	
2	11	82	50	43	55	21	73	39	118	50	58	53	9	43	30	40	70	41	44	
8	12	103	119	117	56	46	52	105	77	116	46	100	95	110	112	59	
5	13	81	74	74	29	39	90	87	29	38	32	74	49	83	
2	14	39	4	85	83	66	50	113	51	76	40	40	43	
4	15	73	103	21	10	92	105	7	87	
5	16	89	21	6	83	113	116	36	32	
4	17	73	72	15	71	69	39	116	16	5	71	95	48	5	
9	18	26	104	20	48	108	4	38	50	94	
4	19	51	35	116	100	57	
4	20	78	38	55	80	21	110	87	86	49	99	29	85	66	46	95	28	5	103	
0	21	59	112	33	103	80	39	110	31	79	51	94	95	
3	22	24	40	62	43	66	8	27	106	64	107	69	25	28	55	
1	23	41	88	42	9	9	15	
6	24	35	90	7	46	111	59	
3	25	13	35	16	111	25	26	83	49	118	119	87	98	75	97	
0	26	98	65	31	119	69	5	83	59	
6	27	2	36	19	79	64	63	22	3	
2	28	57	9	35	15	75	22	117	
2	29	4	99	36	19	2	13	39	
7	30	82	78	118	97	108	93	75	104	
8	31	89	92	3	106	17	
2	32	86	94	112	40	106	9	5	54	
6	33	115	64	80	24	7	85	91	44	97	62	15	
8	34	83	11	83	71	59	
8	35	109	76	52	2	64	115	72	
0	36	16	96	26	116	71	91	27	76	42	112	3	67	73	116	
5	37	12	8	44	99	111	106	16	24	63	46	77	50	10	71	61	31	58	46	
5	38	39	34	80	51	95	86	111	94	3	73	68	19	119	86	74	78	84	69	91	
6	39	22	31	35	80	37	36	
5	40	40	11	8	100	9	32	111	
6	41	72	106	106	58	10	33	
4	42	89	61	47	115	116	61	36	19	70	51	40	
1	43	113	10	14	97	79	29	20	6	103	
3	44	84	107	77	34	92	108	116	37	72	5	73	10	16	84	87	116	
6	45	110	110	16	90	117	78	29	73	113	27	29	68	109	4	86	24	
8	46	56	12	46	48	43	6	7	63	32	75	78	77	
6	47	23	27	115	25	4	20	43	100	11	68	17	
3	48	95	27	69	110	2	
5	49	40	102	88	53	55	87	6	19	7	18	73	2	29	61	
2	50	35	78	24	117	32	12	66	62	70	95	18	73	16	
3	51	88	53	87	76	70	20	54	49	42	32	41	75	
2	52	109	47	93	23	108	96	37	7	15	60	75	31	74	
5	53	34	30	76	35	87	80	61	
5	54	105	10	11	25	63	71	33	27	34	
6	55	38	102	95	42	41	82	66	27	5	67	78	104	81	69	109	
8	56	11	97	32	21	74	16	13	69	34	116	111	47	71	23	82	3	84	
5	57	22	74	114	35	77	105	81	47	2	74	33	44	49	10	61	90	111	87	23	
5	58	104	97	100	56	72	43	32	
4	59	39	103	39	97	106	28	
1	60	26	91	8	30	75	26	30	2	41	65	105	116	79	4	59	23	100	
7	61	107	84	48	88	105	25	96	75	74	41	94	67	32	88	67	10	106	89	
7	62	79	49	98	116	9	78	63	79	95	11	16	10	45	78	62	22	8	87	26	
6	63	118	16	47	54	110	
9	64	26	39	108	76	52	62	71	57	4	11	37	57	6	
6	65	112	96	86	27	114	113	
0	66	41	12	116	98	85	17	82	12	110	78	
5	67	49	101	72	26	49	76	28	71	78	117	30	65	62	17	33	25	100	117	
2	68	38	5	45	3	64	65	50	44	3	95	62	112	
6	69	5	64	61	108	67	4	56	40	51	35	44	
3	70	75	119	54	78	65	113	24	80	57	46	34	56	89	19	
4	71	118	111	22	22	79	112	99	5	15	54	37	11	11	15	
6	72	87	35	90	88	6	103	49	26	81	15	81	94	112	11	108	
1	73	25	68	75	74	86	101	85	81	118	
8	74	75	11	65	114	74	
8	75	28	16	73	97	15	6	59	98	
1	76	79	47	38	23	96	110	82	19	86	
6	77	66	31	8	111	18	117	118	97	59	38	
0	78	26	79	95	74	119	88	5	103	23	20	31	107	15	84	54	68	98	45	43	
1	79	101	70	45	90	74	49	21	109	93	46	68	13	
2	80	84	29	39	83	116	4	4	11	25	22	77	55	115	19	
4	81	88	20	93	96	70	12	45	97	62	
9	82	61	111	47	103	28	20	115	
2	83	31	103	117	44	46	90	61	73	35	105	112	74	
8	84	43	95	90	62	88	5	50	64	44	51	36	59	25	99	2	6	
0	85	56	70	78	52	55	84	39	89	112	60	5	
6	86	13	22	99	113	42	86	64	
6	87	29	7	51	19	113	111	24	35	68	69	67	65	62	