7	1	99	61	116	40	96	104	8	11	54	82	
2	2	28	66	61	44	15	37	42	28	119	31	73	38	31	104	68	15	18	2	102	
7	3	16	81	74	89	46	57	105	4	10	45	82	48	78	34	88	
4	4	69	28	16	107	117	77	91	36	52	24	72	
3	5	107	32	23	20	90	10	52	54	74	86	38	10	
1	6	39	48	52	111	31	100	90	5	
3	7	14	64	103	85	80	43	72	85	86	63	92	44	54	98	95	99	
5	8	62	63	59	22	73	109	87	73	110	68	48	73	48	85	80	24	
5	9	25	6	8	97	35	25	84	
9	10	13	111	57	41	80	
0	11	68	65	33	16	14	68	92	85	37	42	79	
5	12	107	31	119	27	11	95	80	103	58	18	
1	13	66	112	65	71	49	25	72	90	12	68	30	57	20	104	
1	14	33	78	48	15	74	31	27	94	61	111	12	80	
6	15	60	89	60	109	77	39	27	
7	16	71	70	38	77	65	8	77	4	58	72	45	111	16	85	65	61	
2	17	40	69	56	39	10	63	63	105	27	114	67	83	70	96	41	110	
0	18	64	64	67	31	42	7	80	
2	19	24	62	36	7	48	
8	20	118	13	105	16	29	94	5	9	26	76	40	
8	21	16	72	18	21	35	26	17	90	114	63	70	23	45	91	94	
9	22	47	115	33	69	29	95	67	79	81	107	73	18	49	60	
3	23	81	62	104	38	64	13	99	101	42	84	22	54	58	43	40	75	
5	24	70	109	35	75	19	28	67	17	47	
5	25	94	34	56	100	58	28	57	58	51	12	95	6	97	26	19	35	58	10	
1	26	77	28	99	98	76	79	11	
4	27	109	32	46	85	8	
2	28	46	117	114	48	32	64	88	53	98	
0	29	73	79	71	71	38	58	9	116	
2	30	9	116	69	41	25	9	117	85	
3	31	100	8	98	48	26	73	75	97	102	51	108	
4	32	68	34	22	18	53	107	93	75	35	93	82	41	34	57	72	89	32	
5	33	54	75	111	111	32	46	89	11	56	74	41	57	72	79	23	43	64	80	59	
4	34	50	25	103	46	119	8	27	101	11	13	33	116	55	57	
7	35	41	38	59	117	28	7	29	56	99	79	118	63	66	54	104	113	117	44	
4	36	101	13	92	98	12	67	86	100	
8	37	12	2	24	87	86	53	118	103	111	15	47	38	
2	38	52	111	37	45	32	80	
4	39	27	57	41	19	17	82	100	91	35	
0	40	29	53	85	60	95	7	74	
6	41	20	27	55	61	55	8	28	63	18	98	
6	42	35	46	80	96	55	59	90	91	
3	43	57	79	63	54	112	4	70	31	90	
4	44	98	51	16	60	116	17	71	25	92	97	26	65	53	4	58	90	116	39	
0	45	63	5	60	71	53	15	114	13	85	116	37	5	119	45	90	35	
0	46	59	102	15	109	118	26	57	91	33	36	10	28	106	16	97	
1	47	89	90	94	38	111	104	
6	48	23	76	26	20	72	19	63	3	49	
7	49	111	84	47	19	105	64	
6	50	117	86	79	37	5	71	19	48	105	119	85	72	
8	51	59	40	48	67	111	27	38	10	
9	52	59	97	5	33	115	52	118	70	115	14	37	55	116	79	
6	53	91	27	44	23	75	46	68	106	31	20	35	13	12	
3	54	43	22	73	47	108	64	88	106	27	98	108	106	119	68	109	112	88	74	6	
0	55	21	33	113	119	64	83	117	100	85	118	16	27	100	65	26	50	16	98	97	
1	56	51	30	71	11	10	119	26	11	52	76	23	61	81	90	22	23	62	
4	57	96	22	55	92	2	
6	58	86	5	49	62	104	7	
2	59	60	76	14	26	26	31	30	109	74	30	89	89	42	38	94	25	34	
3	60	55	43	25	55	39	66	64	97	45	25	30	65	10	48	60	75	57	
1	61	111	69	51	94	118	42	114	118	49	99	45	78	74	
4	62	56	34	3	42	109	30	78	91	45	94	89	
3	63	38	30	107	101	77	3	17	71	101	105	3	92	117	53	114	48	
6	64	97	118	98	2	61	86	63	
9	65	47	111	73	31	59	38	35	101	29	80	78	104	112	79	
9	66	36	5	5	108	8	12	27	42	
7	67	37	73	84	98	109	86	75	80	
9	68	61	72	111	28	98	40	115	33	13	66	4	77	73	32	102	111	7	78	81	
3	69	106	108	82	112	110	84	29	85	106	90	
9	70	46	90	23	22	119	114	100	101	16	37	10	20	
7	71	54	48	87	34	30	108	3	47	76	
2	72	53	112	90	66	97	42	19	67	43	69	108	101	39	15	82	96	34	12	
3	73	106	113	115	97	49	48	25	2	87	45	74	