4	1	91	51	111	80	19	87	55	53	44	88	
1	2	118	57	106	105	32	50	85	
8	3	79	99	47	119	17	
5	4	112	84	15	94	72	85	32	106	90	114	61	
4	5	59	111	66	111	74	
1	6	118	102	80	118	81	84	9	2	113	11	110	29	39	51	21	46	
7	7	48	88	70	36	54	68	76	40	93	77	55	114	54	75	65	66	117	99	
7	8	50	9	18	27	73	51	93	19	
3	9	82	69	66	53	73	78	36	112	91	40	
4	10	36	102	27	82	67	50	21	74	108	26	75	39	
3	11	12	68	7	29	46	74	76	32	17	107	51	
5	12	4	111	9	114	78	29	14	70	35	70	102	99	114	14	74	82	69	22	
1	13	102	43	114	62	24	38	41	58	12	2	17	62	37	57	44	114	98	48	8	
0	14	5	67	54	24	92	96	92	92	54	
2	15	103	95	18	64	41	37	69	48	11	31	60	
3	16	17	92	24	51	17	23	115	93	4	90	84	94	112	
9	17	13	82	22	77	66	14	21	
5	18	91	87	110	62	73	71	74	
5	19	37	41	9	82	31	116	29	78	78	40	65	18	101	66	116	62	
2	20	97	79	53	71	52	8	27	27	79	71	28	11	71	60	32	
5	21	91	109	37	11	94	88	63	43	59	106	72	104	108	48	87	55	46	24	
9	22	85	68	10	8	63	97	66	113	53	20	
7	23	42	71	91	109	74	78	100	64	106	21	84	
6	24	93	56	19	39	29	105	3	12	11	108	
3	25	53	91	62	100	109	81	91	100	53	70	92	85	41	61	65	11	36	
2	26	36	4	40	3	117	77	75	59	60	
0	27	10	95	108	48	14	110	108	48	53	31	115	100	9	67	82	68	
3	28	115	112	54	55	50	67	49	32	29	57	7	28	18	77	
7	29	14	51	117	116	32	81	21	93	11	
3	30	3	39	24	22	44	76	32	70	45	
3	31	84	25	77	99	8	74	57	
3	32	17	96	118	112	44	58	59	
8	33	72	60	71	89	11	87	13	43	116	78	
4	34	24	9	6	62	81	23	63	57	32	113	20	28	48	87	116	
6	35	73	64	3	39	112	109	4	57	27	18	109	97	
2	36	24	60	33	83	61	17	13	59	13	66	81	64	
5	37	64	45	33	64	90	23	13	76	85	44	
3	38	46	109	104	27	22	73	79	107	82	25	17	36	111	4	108	67	
0	39	37	57	48	39	108	100	45	29	66	42	41	102	50	110	34	93	
4	40	80	16	53	23	119	64	55	107	
3	41	103	113	84	98	65	75	16	87	
9	42	65	18	107	64	79	99	100	9	44	104	19	51	69	69	58	3	60	
4	43	49	91	109	7	46	12	2	
3	44	14	67	43	59	11	10	23	19	48	
0	45	110	4	6	13	58	83	93	104	111	44	102	45	104	
9	46	35	48	107	56	96	
9	47	105	41	10	19	74	117	115	84	57	11	94	90	11	40	72	
3	48	103	35	74	116	90	66	
9	49	101	91	46	30	84	72	47	98	81	105	110	76	47	22	100	
1	50	24	109	75	14	103	79	14	21	67	113	100	50	
3	51	63	49	26	58	66	53	9	102	40	
7	52	64	78	65	18	7	17	100	78	87	74	3	43	28	92	59	65	20	80	45	
5	53	18	111	39	8	62	106	50	55	44	
6	54	74	49	21	30	97	4	17	77	15	40	37	34	24	
7	55	101	70	20	6	29	56	10	67	10	89	84	116	34	
0	56	91	8	66	74	59	59	85	102	108	20	107	94	95	85	63	73	42	37	
2	57	94	68	82	4	91	
2	58	111	19	37	14	89	98	8	63	43	8	34	7	54	23	
5	59	12	23	40	63	25	
5	60	67	37	27	117	58	55	72	22	50	108	81	63	
1	61	10	37	61	41	20	17	16	118	54	
7	62	98	75	48	94	66	48	87	66	28	
1	63	33	12	102	8	48	26	17	31	71	41	19	112	100	106	21	
3	64	64	13	115	48	55	14	25	4	5	31	34	68	70	111	9	83	75	50	
3	65	117	71	17	110	65	90	53	69	110	16	81	22	10	44	
6	66	5	8	57	115	17	105	7	86	119	71	14	26	87	85	64	13	112	11	49	
4	67	14	2	98	46	100	15	
4	68	116	116	74	61	69	25	115	7	83	52	102	53	19	18	10	117	39	4	53	
7	69	58	59	8	29	81	53	6	79	61	88	5	43	73	114	74	
3	70	78	13	3	78	93	105	104	90	41	40	45	13	37	112	41	62	17	
7	71	101	11	37	115	19	86	15	
8	72	22	42	30	91	34	12	114	31	31	51	69	17	
1	73	49	30	74	23	20	79	30	
5	74	85	53	90	73	71	92	95	58	109	29	101	10	
9	75	71	19	56	109	55	2	53	6	113	13	60	
4	76	45	20	67	13	84	4	75	72	77	28	88	
4	77	63	58	12	28	112	53	33	36	104	55	63	
5	78	88	22	17	61	64	89	97	113	32	97	38	96	35	88	